player_id,rating
129,2.9455228
130,1.3881167
138,0.67341435
139,2.6435509
141,2.398271
147,1.8798163
173,2.8879228
176,2.858966
251,-1.2348728
282,2.5519137
288,0.4814227
289,0.21025297
293,3.3883367
300,4.4306526
303,2.2333348
310,3.7347715
348,1.5571837
387,2.729682
401,3.084635
419,3.7030315
427,3.7939537
441,2.148113
448,3.208186
450,3.2417655
451,2.4823122
462,3.1941164
466,1.9411601
475,2.6002016
483,0.68324435
484,1.9593929
487,1.6365921
498,2.9494932
505,2.1635003
510,2.6721327
522,2.0998876
525,1.7066649
534,1.5234337
542,0.5300419
548,0.44853875
555,1.3143673
577,2.5909696
603,2.7902226
615,2.2845078
618,2.2765865
630,0.6828583
645,3.6489248
647,1.8772836
665,4.7796364
669,0.72768295
673,3.757575
676,1.002003
682,3.1066747
685,2.9041452
694,0.23372442
738,2.4934144
743,0.04573121
753,2.8671896
765,2.4281447
786,1.5198485
795,1.8064991
806,1.8456924
818,1.183552
819,4.302783
820,1.7618186
824,1.4904513
860,1.8835258
861,1.1293255
883,0.6078862
962,0.21657735
972,2.4961329
996,1.2510564
1031,1.0726779
1036,3.314239
1043,0.45483604
1091,3.9303317
1103,-0.30812615
1105,1.074777
1106,4.065794
1107,3.8566163
1134,2.3038046
1136,-0.07050518
1178,2.6968753
1185,1.8871268
1231,1.362421
1243,0.06271692
1247,1.0789248
1261,1.7484498
1266,1.6616613
1267,2.847404
1269,2.9703948
1284,1.1448281
1286,2.317758
1287,3.524171
1301,3.176907
1302,1.5539012
1343,4.2167554
1366,2.2925596
1374,2.0148892
1375,2.6390042
1381,1.2391714
1392,1.2665776
1396,3.591172
1399,2.887674
1408,1.7279035
1412,1.8166695
1415,2.2058685
1417,1.3975796
1427,0.6555383
1459,3.514965
1463,2.7284508
1465,2.5657854
1512,3.2775776
1532,3.137399
1539,3.5193985
1563,1.4097809
1584,3.249057
1603,1.6518186
1626,2.5746949
1632,2.8903847
1654,1.5196089
1672,2.2601302
1684,2.059339
1703,1.3203427
1707,3.1712272
1715,2.68162
1725,1.74439
1733,1.8006349
1745,3.467245
1746,2.720343
1752,3.903014
1778,1.9337287
1780,2.046373
1796,1.7142453
1802,2.0783129
1805,-0.089012474
1812,2.4632022
1820,3.1216881
1830,-0.36243698
1835,2.5870678
1845,0.99401563
1849,2.3152423
1865,0.4572873
1870,-1.4917936
1878,-0.88479364
1881,2.5021217
1918,0.6967545
1924,3.137298
1926,1.1134539
1931,3.1606417
1944,1.37459
1948,0.48882812
1956,2.9293509
1961,1.9476341
1972,1.7736442
1979,1.4503785
1992,1.0162863
1999,1.3217418
2009,1.429221
2017,2.3147168
2035,3.4436653
2041,1.5472896
2086,3.1258717
2091,3.2761834
2092,0.46471396
2095,3.8507044
2121,1.980089
2126,4.7312245
2127,4.6501365
2128,4.183107
2129,1.0881263
2167,1.2889403
2175,2.5082338
2185,2.1229408
2195,-3.9895086
2202,3.6252549
2212,2.6996136
2216,0.40779677
2220,2.8412526
2237,2.0417442
2257,-0.5374862
2276,3.2371182
2281,1.7327836
2286,3.7263079
2287,2.0810912
2289,1.8065032
2299,-0.3913397
2313,3.1631925
2317,3.7953763
2327,-2.4071581
2330,1.3765264
2334,1.0454382
2340,3.6267433
2341,0.39546806
2351,3.3922153
2352,4.1208763
2353,2.237776
2363,2.413075
2373,2.5523207
2375,2.093956
2377,1.7847857
2381,3.3219216
2396,0.8485414
2409,2.1460261
2413,3.603813
2419,-0.5748665
2434,2.4365668
2451,2.620448
2490,1.7127908
2527,1.6008139
2560,3.0971477
2575,1.1949735
2582,3.0506728
2586,1.9776543
2591,0.894699
2602,-0.20159891
2608,1.5006379
2624,1.2794828
2634,4.5329056
2657,3.657561
2671,3.1421397
2675,2.692926
2682,0.41752067
2696,3.1958458
2698,2.488601
2706,2.5668194
2712,2.8572245
2716,1.3837361
2728,3.3125396
2731,2.3238013
2735,1.2780889
2767,2.0269601
2784,4.1495514
2789,2.8923252
2794,3.789938
2798,3.6565773
2801,-0.14389808
2806,3.039771
2812,3.5153413
2817,2.398688
2824,3.2925117
2828,-2.7084134
2834,3.3709583
2838,1.6179527
2848,3.0391405
2865,3.2293746
2872,1.3951169
2878,-0.48951808
2888,-1.6969587
2889,1.0531559
2895,-0.11477347
2901,0.8824349
2906,0.09714902
2910,-0.42720428
2926,0.9741868
2930,3.3355694
2931,0.60905296
2932,1.6306375
2933,0.6307621
2957,0.36609837
2960,0.19950551
2964,3.2463071
2973,2.394016
2974,3.4205585
2983,3.682978
2994,1.9053048
3004,1.3018907
3005,4.1893897
3048,4.2837443
3056,4.190439
3057,2.207959
3058,1.9713767
3066,2.05109
3071,2.4170897
3074,1.8802743
3075,2.66617
3108,3.3104167
3120,3.3740616
3135,2.159272
3189,1.2716817
3209,2.5935225
3227,4.0110683
3244,3.7728462
3262,2.4488335
3263,3.0264213
3300,4.1804395
3310,1.3304884
3327,3.3394117
3330,2.2536173
3338,2.6749885
3374,3.5907934
3409,-2.0604475
3417,4.313788
3426,4.666101
3446,3.9819148
3458,3.2625902
3462,2.437785
3465,1.3753511
3466,3.3640418
3469,2.1626527
3481,3.801701
3485,2.3241138
3501,3.5088718
3532,1.0840604
3535,0.7028279
3538,0.8159984
3542,1.1996694
3543,0.6014745
3544,1.0908499
3547,3.528183
3550,3.095728
3563,2.464944
3564,2.8661978
3568,1.8056692
3595,1.0421505
3603,2.633364
3608,3.8750432
3611,3.525427
3616,3.8897195
3622,1.3869116
3623,3.612407
3625,1.9218528
3630,1.8868688
3644,3.3481824
3657,2.2069342
3662,2.8806148
3690,2.968861
3692,3.721071
3735,3.6408408
3745,0.6778497
3751,0.6847147
3777,3.5962603
3809,2.2755883
3819,1.4091973
3826,2.1034532
3836,-0.22164695
3842,2.0446515
3847,3.6636682
3851,2.6859426
3868,0.98924595
3873,-1.1647857
3892,1.9296545
3902,3.88094
3904,4.126557
3911,2.2345972
3920,1.7689954
3929,3.8481796
3941,2.8686502
3947,1.9134722
3948,2.0179684
3953,3.712469
3958,0.9972183
3960,0.11053273
3962,-0.54017746
3964,0.88387996
3968,1.2065688
3984,0.047072377
3996,3.4256587
4003,3.7872963
4019,0.8524409
4025,4.1013455
4031,2.4051352
4053,0.22689372
4057,2.4104033
4073,3.4431577
4080,2.0999558
4192,3.639188
4208,2.3431253
4221,1.1047341
4224,2.154916
4236,2.2894347
4254,1.1147957
4265,2.2353783
4273,1.6925172
4274,3.3103735
4281,2.4314659
4282,2.3656657
4284,2.5368054
4304,-1.733087
4311,2.157061
4314,3.6188052
4318,3.0863662
4322,4.166511
4339,2.6861565
4347,2.010391
4362,2.6009982
4374,1.4714934
4375,1.564925
4382,3.327364
4391,1.1208273
4392,3.4151502
4398,1.7638831
4422,2.4880576
4464,1.6434479
4468,3.7123265
4476,4.366293
4501,2.6074593
4512,0.51030487
4518,2.9789045
4520,3.1587396
4536,2.3402636
4537,2.0344257
4539,1.3915311
4544,3.5550404
4574,2.593038
4576,2.827362
4591,1.2508407
4610,0.24812344
4626,3.7122407
4644,2.3981705
4663,1.9204557
4664,0.96810204
4669,1.1623082
4740,1.6385878
4742,1.5853393
4751,4.35694
4757,3.2802207
4776,3.625653
4777,1.0689722
4782,-0.5278327
4788,0.030436225
4804,3.8121438
4819,0.8782979
4840,0.6684094
4841,2.3100383
4843,2.261524
4861,1.5645258
4868,2.0773425
4874,3.5895894
4893,3.307441
4895,3.5514157
4911,0.8383502
4913,3.4775867
4915,3.8848486
4940,0.40646717
4950,4.1509233
4954,3.4612398
4969,4.5575852
4971,3.9687586
4979,1.4820703
4998,3.4583473
4999,4.529775
5002,1.2527946
5003,2.2451065
5057,1.0752218
5061,-0.06427101
5067,2.4515595
5128,3.3278472
5155,0.95470995
5166,2.7642548
5168,3.576566
5190,4.3113594
5194,0.53085387
5209,2.0262234
5213,3.061498
5215,0.6917246
5218,-1.0930005
5245,3.071237
5267,3.0032175
5272,2.1474085
5283,1.8844266
5297,1.2342292
5299,3.0321655
5302,1.752041
5304,2.9908803
5309,3.4414306
5320,3.3790946
5368,2.2554073
5395,3.178876
5402,3.044906
5403,1.6128678
5404,2.1179807
5405,3.1959352
5420,1.9469647
5423,2.0736542
5430,1.0052602
5462,2.8173153
5486,-3.287133
5493,2.376446
5521,4.2254806
5526,2.512577
5529,1.5172391
5544,1.6084924
5559,4.3105116
5583,2.6210072
5588,3.0708117
5613,1.6579759
5617,2.9402833
5626,-1.0282726
5636,4.576756
5656,3.7297826
5662,3.4968047
5678,3.9986377
5680,1.9853735
5681,0.118507035
5694,1.8924598
5768,3.9785914
5778,2.3873343
5791,1.7334079
5802,3.45224
5812,-0.5232155
5813,4.153203
5823,-0.4365227
5850,2.691079
5851,1.885004
5892,2.1656384
5918,0.65678823
5936,4.4544225
5937,2.703401
5940,2.3251224
5963,2.7158625
5967,3.2749493
5968,-1.0764464
5978,1.4933227
5995,2.4729915
6005,0.32900625
6012,1.8660588
6021,2.128534
6038,1.0272521
6040,0.10363066
6041,3.5647109
6044,2.9142773
6054,-1.4763858
6090,2.9207819
6095,2.8123333
6096,0.8003563
6106,2.0826519
6139,0.24275322
6153,-2.3057616
6160,2.7234218
6177,2.6063364
6184,2.9048636
6187,2.836147
6190,3.1888723
6193,3.5048559
6198,1.6320003
6200,0.23168486
6206,3.7902963
6208,2.395156
6217,2.5383933
6226,-0.94010675
6230,1.679962
6256,0.5535966
6257,2.6130304
6279,1.0773244
6292,2.0655284
6295,2.4554167
6297,0.88587886
6298,2.666159
6311,0.09180958
6345,2.451906
6365,1.8806292
6376,3.5075178
6381,3.4253194
6402,2.554353
6407,2.9055665
6440,2.3774679
6446,3.1220045
6452,2.4596262
6514,3.3074517
6523,2.2875488
6530,2.6055627
6543,3.303953
6558,1.157291
6573,3.4429927
6590,1.7216742
6591,1.5343062
6619,3.7889328
6636,-1.3202941
6645,3.0869975
6651,2.9933496
6656,2.3596678
6671,3.7958462
6686,2.479541
6717,4.103431
6722,3.8051972
6726,3.2351213
6730,3.2534995
6745,3.1856327
6757,2.3891914
6770,-0.59654754
6796,2.8838918
6810,2.5599985
6811,2.3674765
6820,2.2792628
6829,-2.9281487
6852,1.1120398
6881,1.9162773
6902,2.5920515
6913,2.5531378
6918,1.530323
6936,3.030881
6940,4.4453206
6955,0.60185575
6974,3.3320546
6980,-4.625825
6983,3.0496633
6987,2.996697
7014,1.3331938
7030,3.291337
7046,0.4194609
7062,2.7151935
7074,1.1434546
7077,-1.3840551
7089,0.56934863
7090,1.6280274
7091,0.49679524
7094,1.4125977
7096,1.6008977
7103,2.0388758
7125,2.4542167
7132,3.2538333
7144,4.627746
7157,2.920934
7161,0.7704373
7165,2.259562
7167,3.4029672
7171,1.1969304
7172,1.3511398
7214,2.5680618
7218,2.5963588
7248,1.99411
7250,2.7314253
7252,2.003408
7258,1.5357333
7285,0.24812192
7301,2.1406887
7313,2.5669014
7342,1.9591345
7352,3.521084
7369,2.1645348
7378,1.8702278
7404,2.8811288
7408,1.6888283
7419,1.9045275
7442,2.1465306
7462,-0.5892201
7469,1.9862117
7479,4.128335
7480,2.6798856
7491,1.2269236
7497,0.6860026
7501,2.820215
7511,1.7151946
7530,1.3264462
7572,3.51901
7574,0.638909
7578,0.2732282
7582,4.5433803
7591,4.063983
7592,3.3911288
7609,3.3971226
7611,1.8387606
7647,1.7267413
7654,3.1850443
7657,2.847635
7659,0.84760225
7672,1.7261671
7674,3.1674232
7682,2.210945
7685,2.200501
7686,3.212196
7694,3.8684096
7716,3.0314012
7735,4.070473
7751,1.3806889
7789,2.2550716
7805,0.9512676
7822,2.015161
7829,2.549031
7832,1.0566344
7841,3.5291092
7858,4.5268655
7864,0.6889562
7890,4.1549873
7895,2.2854216
7902,3.2277367
7905,1.5209002
7921,0.7030713
7927,1.6866264
7959,4.1036916
7971,1.7104975
7976,2.3725543
7998,2.298308
8002,3.5319488
8013,0.23277417
8015,4.0670667
8037,2.6550884
8091,0.06613914
8120,-0.4204666
8146,2.3325262
8180,0.9214445
8203,3.4396484
8222,3.7197864
8227,4.4996433
8229,4.058444
8240,2.925145
8254,0.019015606
8270,1.2021521
8279,0.62630355
8294,0.5935341
8319,2.172916
8327,2.992584
8351,3.2128286
8355,1.8439717
8395,2.6179566
8407,2.486332
8408,2.1652215
8422,2.0836544
8424,2.9760494
8432,3.033583
8464,2.8419228
8472,3.865744
8488,2.1563475
8490,0.7168629
8502,4.34116
8513,1.4480288
8519,2.3903656
8537,3.894698
8541,0.72454107
8547,3.9464486
8548,3.2944248
8549,4.3708167
8564,2.5164962
8571,2.1280873
8575,2.481515
8584,1.3472557
8589,3.5532207
8600,4.060346
8603,3.1281803
8606,4.3055463
8613,3.1564324
8636,0.27210608
8643,3.5032804
8660,1.7811406
8663,4.1718187
8685,2.9677515
8695,3.05237
8711,3.8060145
8726,1.5874195
8727,1.8956698
8742,0.11396431
8743,0.24278277
8748,3.4451904
8749,3.608015
8761,2.3087163
8772,1.6098076
8778,1.3960773
8809,0.6367546
8814,1.5553312
8826,1.1721798
8840,4.7374663
8857,1.7300808
8873,1.2114629
8881,0.5571318
8918,3.9132621
8927,1.9598099
8932,2.0180209
8947,2.4780743
8954,2.5488605
8964,2.5975595
8966,0.6858465
8975,3.9887295
8987,2.9278853
8998,2.6660361
8999,2.3378344
9004,0.26451692
9030,4.0283504
9054,1.1660038
9076,2.5668192
9106,3.1304834
9118,3.8815544
9141,4.038315
9146,2.7972195
9150,2.843239
9153,4.84011
9155,4.324809
9159,4.285475
9168,1.9179326
9183,3.5215988
9188,3.8581684
9207,0.1856816
9228,2.083599
9245,3.579965
9298,1.8967866
9329,2.1009655
9337,0.4615076
9338,1.508092
9345,3.6455746
9359,2.957595
9363,-0.15413257
9389,2.3634713
9424,3.000827
9430,4.3594112
9454,3.647869
9465,4.222073
9468,4.207433
9471,3.8114862
9497,2.7420182
9506,1.6927677
9540,2.593866
9557,1.9550493
9559,1.7959508
9579,-2.2135448
9586,0.6987062
9590,2.8940575
9621,3.8708122
9636,1.6164246
9643,-1.5242629
9687,-1.7204446
9697,3.9700744
9708,1.4270507
9711,4.226674
9713,2.054007
9721,2.3174772
9724,2.1815722
9731,3.3841035
9749,2.6900294
9753,2.1568623
9789,2.8668005
9791,3.2420123
9803,0.9317553
9805,2.9324963
9810,2.309153
9814,1.407293
9852,1.1057154
9861,2.0002325
9883,3.2215044
9904,1.4074718
9918,2.178715
9919,1.3878608
9942,-0.8073393
9944,2.027107
9968,-0.22213182
9970,-0.3947053
9979,1.7534535
9980,2.0870616
9982,1.1798418
9983,3.8269756
9985,1.9016749
9986,1.3541657
9987,0.04031993
10004,2.7350678
10013,2.8896322
10017,2.9542625
10022,1.9855988
10030,2.6356347
10046,2.3513837
10056,1.265829
10065,-0.25272232
10125,2.7535937
10147,3.113416
10191,3.3506086
10192,2.841726
10210,3.4513955
10211,1.0404357
10225,2.1129606
10228,4.118929
10229,3.849891
10230,0.60390896
10231,0.9713404
10251,-1.7791369
10253,3.0267148
10264,0.8233601
10267,3.2319758
10275,1.8473663
10286,2.0292497
10311,1.8733059
10322,3.434458
10329,2.6354363
10343,2.1434982
10349,1.6594563
10353,3.3996518
10362,0.2405924
10363,2.3393357
10376,0.42283556
10383,2.3017375
10393,3.577791
10395,4.322669
10397,3.4638245
10405,3.8886318
10407,3.9181485
10419,2.4404018
10440,2.163614
10441,1.8114516
10447,3.775178
10452,3.6568944
10453,-1.8298308
10461,2.7472513
10462,3.720507
10464,0.9229659
10485,1.1728237
10523,1.7619164
10525,0.37991574
10534,4.157755
10537,3.0856612
10550,3.9805973
10563,2.5781677
10567,3.5313125
10576,3.3008046
10583,4.4160204
10585,1.2052649
10586,1.6233933
10592,1.4357162
10646,2.5398457
10679,1.6450946
10683,4.2647476
10690,1.2530838
10691,1.1855088
10693,3.2730596
10694,0.91396415
10695,3.9100945
10697,3.1495614
10706,3.9484518
10721,4.7833557
10723,4.2458477
10725,-0.43455318
10732,3.1537158
10738,-0.20846744
10749,3.1874897
10752,3.8847935
10757,3.9404476
10765,2.88304
10783,1.7667438
10787,2.374071
10803,3.0779004
10817,-0.17333758
10818,1.7537451
10825,2.190765
10826,0.83041173
10836,3.2346926
10839,2.4566908
10851,2.2138858
10852,3.0731323
10859,2.900258
10868,2.3185222
10873,2.6606092
10876,2.9874108
10899,1.3429924
10901,1.5573075
10917,2.0574102
10935,1.3618556
10939,2.5625565
10959,2.5217946
10970,0.64772254
10981,2.5174265
11011,2.2651412
11014,-0.45918506
11025,0.6470424
11037,3.1008644
11043,3.0682502
11044,2.383869
11046,0.6845897
11056,3.9625208
11065,3.7466824
11094,2.8729308
11149,2.475532
11156,1.6827779
11165,3.192685
11167,0.98383856
11172,1.7771798
11175,2.4745674
11192,3.312536
11199,1.5293239
11205,3.5529523
11209,-2.7394059
11210,2.6638281
11218,3.0189676
11236,-0.6421613
11245,3.1172667
11252,2.3368928
11255,0.95028406
11276,3.040534
11317,2.7269151
11318,2.6153777
11322,3.069886
11323,2.4097486
11324,3.3974688
11339,3.2740579
11346,3.1421587
11371,2.8445716
11385,1.7543029
11403,0.97979593
11406,1.4496984
11425,2.9095068
11427,-2.382597
11428,-1.2585549
11443,3.4553156
11446,-0.032609355
11459,4.3995185
11466,2.6894288
11475,2.8421857
11480,1.8322647
11508,0.19672921
11517,1.557118
11525,2.6835177
11533,2.080548
11544,1.0538372
11553,3.328181
11559,1.4384993
11571,3.8815463
11585,0.9570334
11587,1.6037914
11597,1.4098291
11599,0.8429707
11646,2.9823222
11653,2.9701092
11661,1.4954412
11663,0.97612804
11673,1.0539784
11687,1.5192826
11697,3.7999642
11708,0.7625514
11712,2.4149382
11718,1.177014
11721,1.502044
11725,2.134729
11739,2.7303557
11744,2.6109996
11751,0.2570996
11760,2.2843087
11768,1.2754316
11775,1.0311666
11789,1.9752792
11800,2.569784
11801,1.6626252
11803,0.08329867
11808,3.3886979
11814,2.2415001
11832,1.5562032
11840,1.282661
11845,3.2171671
11846,2.369832
11851,0.3568286
11852,-3.6502721
11875,2.4503133
11895,0.9349816
11898,2.8941236
11923,1.6599107
11924,2.4283295
11953,1.1475824
11973,1.3963335
11974,1.6148211
11977,1.6483024
11996,1.264032
11997,2.2677214
12017,3.2885425
12020,3.3013227
12025,2.8177843
12028,3.064749
12033,3.5447347
12050,-0.35343066
12054,1.0707403
12060,1.4823904
12066,1.3107244
12074,1.5775107
12082,-0.9744712
12085,2.5353398
12087,2.0810921
12094,1.5199356
12101,3.3145597
12119,3.0385907
12125,1.7904223
12127,3.674985
12171,3.4230583
12181,2.9509835
12193,2.2412493
12239,3.790906
12269,2.5585542
12289,3.0274806
12302,0.40752357
12304,1.4198202
12318,3.8754427
12321,2.8536165
12331,2.354578
12337,2.2228005
12338,2.113942
12350,2.1315408
12352,-2.6304836
12384,2.119155
12408,3.4576788
12411,0.91053104
12412,3.2937312
12413,2.385004
12416,2.623633
12421,4.1810827
12440,1.9680448
12453,-1.8536657
12455,-1.6531545
12473,2.4957387
12474,-0.5093457
12518,3.6032755
12530,3.69583
12540,3.3807116
12544,2.9484134
12546,2.8521636
12552,4.7075043
12589,2.2818668
12596,1.8712193
12598,3.9545617
12611,2.2898276
12612,2.5983498
12616,-0.45515946
12617,-3.9826686
12623,3.4194477
12624,1.2618968
12664,3.4793148
12674,4.075825
12675,0.14040263
12680,3.8160636
12682,1.676296
12722,3.0829315
12747,0.9959504
12748,3.3466935
12767,3.532745
12778,1.2931972
12798,2.2425032
12799,4.1498356
12820,3.3027198
12828,2.0088665
12834,3.0706282
12838,3.3974385
12841,2.6578805
12852,4.1960235
12853,4.1268215
12871,3.3692875
12876,1.3443743
12879,4.5345626
12883,2.6994863
12890,2.2380362
12895,2.047746
12908,3.347383
12912,3.5334072
13000,4.0996914
13005,2.1958044
13039,1.9576929
13047,2.9878156
13089,2.0950947
13106,2.3103611
13110,1.2516681
13131,0.67395765
13153,2.0286682
13157,0.92899805
13209,-0.025339125
13243,0.64121246
13267,2.988294
13288,3.5965207
13291,-2.3731308
13307,-2.6724102
13329,2.775966
13330,3.5368884
13338,3.32155
13355,4.3837233
13364,2.0819318
13371,1.8436388
13379,2.624104
13384,4.6598268
13396,1.0349516
13412,1.0660834
13414,3.2458756
13432,3.5830684
13434,1.0273054
13435,-1.3499955
13440,1.7354873
13442,4.0161395
13445,1.5427634
13446,1.4262836
13459,3.662984
13472,1.658166
13473,1.3180307
13475,0.72841096
13476,2.5028126
13505,-1.0691446
13511,1.8030293
13534,2.6647067
13542,2.8581765
13551,1.6976416
13581,3.9714131
13585,3.2536738
13587,2.7182083
13594,-0.33821607
13595,1.8716458
13613,2.8765311
13624,2.8808424
13626,-0.2615709
13642,0.0084297415
13646,1.3320755
13648,2.1035993
13653,2.4256158
13664,-0.5512962
13667,1.5126315
13705,2.9562225
13744,1.7894675
13757,3.5436203
13773,1.8875571
13780,2.0433416
13782,0.48978606
13798,1.3786063
13809,1.1488143
13829,3.8068676
13859,2.6211755
13868,3.1008046
13869,1.6567339
13870,1.4430262
13883,2.476248
13895,1.5268778
13898,0.33800998
13918,2.131875
13946,3.0521843
14007,3.0512133
14019,3.2358825
14034,2.3186052
14041,2.4898543
14066,2.8900974
14069,1.9386588
14072,1.8992354
14113,1.966049
14132,3.9410055
14136,3.6050801
14182,-0.93550396
14200,4.5130987
14208,2.922643
14217,3.8160093
14254,2.143286
14255,1.2468423
14284,1.7535919
14309,3.2752266
14311,-0.22423996
14335,0.52449983
14338,4.0605817
14351,4.429298
14365,2.3919458
14424,2.8493521
14429,3.378598
14432,2.0847034
14442,3.003485
14461,1.8741002
14462,2.4976208
14475,0.9026893
14477,4.2375846
14481,0.9133913
14483,1.0473547
14489,2.3565881
14491,3.0405672
14508,-0.07848143
14511,0.5259812
14517,2.626012
14519,0.36731377
14522,2.1320658
14523,3.820998
14528,2.150676
14547,3.133611
14576,2.5169387
14582,3.7222016
14586,1.1810358
14591,0.23962566
14599,1.5647757
14606,-0.20864244
14612,1.9594064
14629,3.9525886
14653,1.4871285
14668,3.3226671
14669,1.7217596
14670,3.7119293
14676,2.4703195
14678,-1.5203464
14720,1.6415625
14724,1.0939028
14725,0.74991274
14726,4.443846
14727,-0.88180894
14759,2.8376477
14763,3.7371542
14765,2.5224175
14769,2.658544
14772,3.2590878
14780,1.6694579
14794,3.2875805
14800,2.209129
14806,2.0144768
14814,-0.30409148
14834,3.7938223
14840,3.0121229
14841,0.692379
14846,2.5799038
14863,3.5475128
14874,1.697406
14878,3.164104
14918,0.7467618
14923,-1.0820312
14924,1.140424
14926,2.5087163
14932,2.4104135
14944,1.6334789
14953,3.7852256
14955,0.8323413
14965,3.29542
14966,2.7475736
14968,1.146482
14972,1.8607246
14986,1.7661804
14992,0.70974535
15030,2.4296484
15047,2.7414029
15053,1.9474787
15054,0.53934956
15057,3.5500536
15090,2.5145183
15145,4.2076197
15150,2.3802526
15167,2.2180583
15204,4.2582164
15214,2.4204564
15229,2.6114035
15232,1.5826358
15237,1.7766196
15245,-1.5214704
15270,2.1463454
15291,2.5288322
15292,0.07893864
15294,3.5077052
15301,1.7388626
15306,2.7355218
15315,1.1503549
15320,2.15662
15321,3.9930406
15333,3.2938154
15345,1.6591883
15351,2.0998733
15375,0.17425889
15377,0.057959106
15385,1.6659173
15397,3.8367896
15420,4.7519436
15431,3.104671
15458,1.406492
15496,1.443986
15501,0.83047897
15531,1.3925469
15565,1.9953891
15573,0.88804233
15584,2.3846595
15601,2.207206
15622,3.251563
15630,3.8423095
15636,1.6763707
15642,3.311553
15665,2.880402
15680,2.3445728
15685,-0.24187197
15726,1.8168049
15729,2.1475546
15730,0.9538476
15764,-0.9481698
15773,-1.7353357
15794,2.1910453
15800,1.5668488
15810,0.0036723346
15823,3.2482798
15830,2.141837
15834,-3.0615187
15836,1.1109563
15837,3.4498084
15863,1.2934368
15876,1.2615403
15883,4.2469935
15888,1.993654
15890,1.0657631
15892,1.6567363
15893,3.0902731
15894,3.4325328
15897,-1.7686204
15956,3.732383
15970,3.8612747
15975,3.1983466
15977,2.9649582
15992,2.2256706
16002,1.7042047
16014,2.535568
16018,3.3694139
16026,0.078992784
16030,3.0750895
16033,1.5215809
16042,1.8941121
16043,3.6601486
16061,4.2903996
16068,0.11222097
16080,2.559381
16083,4.130609
16094,4.224344
16104,4.0530806
16106,3.0083578
16116,3.2165117
16118,3.1365163
16137,3.8812046
16163,3.382037
16164,3.1047459
16165,3.836562
16173,5.061036
16187,2.3022118
16190,-1.0142915
16197,3.3111274
16198,2.1612587
16210,1.1264019
16211,0.7670934
16225,2.7559934
16276,0.035498027
16280,-2.889255
16288,2.629558
16291,3.2309906
16298,3.1641173
16309,1.5465394
16324,1.4644834
16346,2.3987248
16359,2.0721185
16361,0.7614703
16365,-0.8802245
16384,2.794247
16411,1.3823594
16414,3.2143207
16418,3.0947003
16432,2.369362
16446,2.2557802
16463,3.321859
16472,4.053811
16473,3.6659687
16474,3.8323076
16476,0.8230972
16477,3.8919992
16489,3.7939095
16500,-0.76748556
16508,0.87162507
16511,1.8832453
16532,1.2421027
16534,3.2763689
16569,-0.51380306
16570,0.87831694
16571,0.02962642
16580,3.2469094
16590,0.68431836
16603,1.5185055
16608,3.4271548
16620,2.7605224
16621,1.1123551
16626,1.9124042
16651,3.7834098
16652,3.3944104
16661,-0.10777052
16672,1.6582133
16676,-0.46406347
16678,-8.464747
16685,1.2392166
16687,2.1880765
16688,1.2880912
16710,3.9489145
16738,2.6414297
16739,-0.59793717
16744,1.4737233
16746,2.1074233
16748,1.5938269
16763,1.2882017
16776,-1.2364477
16802,1.8958858
16817,0.888629
16821,0.45960394
16823,1.4241332
16826,1.8363655
16852,2.715493
16855,2.5396416
16878,3.71261
16883,4.383895
16896,3.3017092
16897,3.2421863
16915,2.3636007
16928,4.59051
16939,1.4795372
16945,2.4115624
16952,-0.19265822
16964,0.07253187
16965,2.0676231
16975,-0.68495333
16981,2.6477168
16984,1.560436
16985,2.048975
16987,3.6512663
16989,2.2001905
16991,0.9690004
16992,1.8492823
17001,-1.1156564
17009,0.48200533
17017,2.5614638
17027,3.0031521
17028,3.2651074
17030,3.177936
17065,0.86794406
17069,3.7802615
17084,3.5326838
17091,3.2665935
17135,2.3523095
17144,3.946283
17145,3.1265194
17155,3.6174562
17164,2.208502
17176,-0.09034677
17202,-0.33228588
17211,3.4411008
17233,2.0259457
17281,2.2494552
17284,1.8950206
17295,4.217246
17297,4.1574125
17306,1.9088341
17312,0.3093741
17313,2.4878485
17323,1.267651
17348,0.77798635
17385,3.035065
17389,0.38893843
17392,-0.66971105
17398,2.0925298
17404,2.8637285
17410,-1.6941981
17413,-4.114206
17415,2.552587
17421,1.7568824
17422,3.7747164
17426,1.4273407
17444,4.027226
17448,0.61922956
17460,1.5672492
17510,2.1445909
17513,2.0843468
17515,1.7170695
17521,3.1964643
17539,1.514019
17552,1.4409826
17560,1.1416599
17563,0.7306249
17572,2.3625643
17575,3.3767323
17584,1.7742707
17585,2.7798388
17593,1.2078805
17619,0.88232964
17631,3.3630598
17665,1.864271
17670,3.0844467
17687,1.6316998
17735,1.4091882
17743,0.05250583
17760,2.8454254
17786,3.5185275
17815,1.2278162
17841,3.6099656
17846,2.6067414
17870,2.5437295
17872,3.418914
17928,3.7063622
17948,3.7040863
17956,3.0307748
17989,1.5338095
18001,1.6527492
18023,2.5113394
18028,2.0810642
18033,3.5654447
18034,3.348382
18111,0.8015586
18123,3.22737
18125,1.7721436
18129,-0.16458355
18132,4.468247
18145,1.1421158
18155,3.3900616
18161,2.9100819
18168,3.8150196
18176,-0.14787726
18202,1.739593
18204,3.6369832
18209,3.700511
18213,3.1973352
18231,1.4217464
18247,3.5264058
18293,2.0244114
18303,1.660592
18332,2.2238622
18337,-0.9808258
18338,1.9267493
18342,2.07313
18343,3.4612238
18360,2.6403587
18361,2.595298
18369,4.8624268
18378,2.1948912
18379,4.396823
18400,2.8996792
18421,1.5870173
18433,3.5107346
18448,1.486864
18461,1.7733481
18467,3.0742714
18472,3.0405219
18483,2.970101
18494,-0.030554386
18498,-0.34509587
18499,-1.5276223
18504,1.4361854
18528,3.3223743
18534,1.5185674
18545,1.6314731
18551,3.398042
18563,3.312949
18582,1.1019958
18610,-2.1954982
18640,3.5788174
18665,0.3286568
18675,1.4101428
18682,1.5474875
18683,0.5150387
18684,-0.03991155
18701,2.0238752
18712,0.910811
18733,2.0867875
18747,3.1356041
18755,1.1049429
18758,2.8781185
18775,0.4653231
18784,2.413493
18788,3.2051866
18806,1.1641701
18817,4.3747315
18824,2.1264284
18854,3.3090417
18855,2.4645948
18863,2.337398
18872,4.0824275
18890,-0.8907066
18897,1.7400525
18912,2.412251
18923,2.2338314
18936,1.6057094
18943,2.7722275
18973,-0.3325333
18977,3.3663833
18978,1.7596942
19001,0.54818743
19005,2.6971786
19006,1.8686987
19025,2.7276554
19049,3.6196547
19050,3.4405148
19052,2.7431958
19056,3.9128053
19057,2.6825302
19063,2.996628
19068,3.7421327
19112,1.8520626
19124,2.5504315
19143,2.030016
19144,2.411252
19147,2.0765774
19151,2.7188005
19161,1.4139353
19177,0.8057972
19181,-0.09063822
19216,1.7565203
19243,3.2360616
19248,1.8485117
19252,2.2341602
19256,1.384123
19272,2.569115
19287,2.5188947
19293,0.53653437
19296,-0.014724565
19299,2.462155
19323,2.3836136
19339,1.4631083
19343,2.4076867
19351,1.7564377
19360,-1.2745295
19365,1.7722074
19395,-0.6802805
19396,2.6783004
19397,1.5008036
19433,1.9650741
19441,4.8739967
19453,4.436327
19459,2.9291372
19464,1.3160255
19479,2.5120883
19485,1.2788956
19486,1.8152794
19503,1.7811253
19504,2.1918552
19515,0.11526529
19542,0.7846581
19545,1.6359812
19560,0.4259286
19564,3.283422
19572,2.9172637
19579,3.465389
19580,3.476263
19588,1.7320184
19590,3.1650455
19605,3.3134408
19616,3.9251158
19618,2.1156511
19620,2.6362913
19626,3.0453877
19649,2.8132377
19668,2.8060195
19685,2.8829532
19694,1.5428951
19700,3.8813598
19710,2.8466015
19711,-2.9427514
19730,3.4031272
19748,0.26562878
19751,1.6286284
19762,-2.0392184
19785,0.5537131
19791,0.14628065
19804,2.8769042
19822,3.832118
19824,0.0075362097
19834,1.5729115
19840,1.3594803
19846,4.09619
19855,2.4934967
19863,2.164255
19866,2.6064959
19895,4.319335
19899,0.86209273
19901,1.1203244
19907,2.3578005
19910,1.3038256
19920,3.0444908
19921,1.7069312
19935,3.670266
19953,1.8905628
19959,2.0815432
19961,-0.48279113
19976,3.0297623
19981,2.2652438
20001,-0.5657852
20010,3.251252
20020,3.4112825
20027,1.2174437
20029,3.30837
20035,2.6541963
20038,3.6793416
20040,3.4608574
20051,-0.05891972
20054,-0.6005162
20075,2.103916
20077,2.2490253
20097,1.2108501
20103,1.8117228
20104,3.3877861
20131,1.5235304
20140,-0.92506886
20143,1.548227
20147,4.1365533
20165,-0.585783
20178,1.488673
20207,1.4464575
20215,1.229508
20252,0.60740787
20301,1.5141762
20311,2.1991253
20313,1.7108856
20337,0.7249215
20343,2.9078867
20345,1.3150618
20347,2.9047565
20390,4.3399534
20398,0.4084254
20433,2.2399323
20443,1.5738666
20447,2.3866568
20449,2.0485468
20453,0.44328403
20460,2.155684
20506,2.385286
20515,-0.85281694
20522,2.647897
20545,2.025748
20547,1.7157013
20548,2.0450616
20573,2.0171835
20577,2.4285123
20580,3.162107
20584,-0.6444136
20610,1.610678
20611,1.9197279
20616,4.129932
20623,3.0487428
20632,3.7027104
20640,1.220723
20646,0.02646302
20680,-1.4592175
20681,3.502096
20696,-1.99513
20706,2.5372474
20709,4.406774
20735,1.8015245
20747,1.9822102
20750,1.1685631
20778,1.95112
20780,2.3892117
20790,3.5004287
20792,-0.29664862
20809,3.183404
20869,-1.1492198
20888,0.67727333
20904,1.3378525
20912,3.4463153
20924,2.827315
20931,1.3789444
20939,2.1987042
20964,3.906379
20970,3.596299
20973,1.4675797
20977,-0.37556762
20993,3.5229433
21000,3.8246977
21010,2.418937
21022,4.159481
21024,2.5256622
21038,3.4313743
21054,1.7774024
21055,1.7474697
21061,3.1047986
21068,2.5588663
21077,1.1334784
21091,1.4186151
21098,0.4963186
21100,2.047238
21111,2.2130237
21131,3.4863772
21142,0.09422348
21148,3.2540667
21151,3.1173081
21157,1.5417105
21169,3.5172849
21197,1.0283824
21200,-0.47115234
21209,0.21494041
21238,2.9076824
21246,3.0856073
21260,3.446084
21285,3.9581296
21302,2.1574874
21317,2.7682598
21322,1.686335
21326,0.86191124
21342,1.5410734
21349,1.7803541
21369,2.4017434
21384,1.3299046
21392,0.35857877
21401,2.8357608
21406,0.6505276
21461,4.148371
21462,3.56821
21463,2.2891157
21465,3.1458359
21466,2.6790805
21487,2.731158
21496,1.8621811
21498,1.48183
21503,1.8492217
21516,3.3528755
21517,2.7748244
21519,3.3921068
21546,1.5511222
21551,1.5824726
21560,1.5936906
21566,-0.024151755
21570,2.0483363
21572,3.3231368
21575,-0.17781048
21593,3.146226
21596,1.6873981
21628,1.3015587
21647,1.4779751
21653,1.6761031
21657,2.9863105
21677,1.1378262
21682,3.570146
21711,-1.56481
21716,2.5473564
21720,2.3309245
21725,2.4747837
21743,2.7278926
21749,2.6257026
21753,0.9239814
21762,3.6311548
21773,2.2630763
21785,2.668729
21797,3.439041
21802,1.0698158
21804,-0.5455797
21805,0.5612076
21806,3.5648668
21812,0.86725867
21821,2.7803633
21825,3.2497802
21826,0.6471789
21835,-0.57694453
21845,3.800043
21850,2.2759266
21853,2.6264536
21867,3.3656301
21872,1.1175
21877,1.1506251
21884,2.350577
21887,0.972437
21902,4.9600444
21927,3.2212212
21949,3.1856763
21955,2.2843616
21961,3.4299796
21983,1.7474967
21989,2.2172701
21994,1.6053656
22023,1.9227467
22037,2.6219687
22041,2.5463233
22054,3.1543214
22059,1.1144521
22070,0.24946003
22077,4.405458
22086,1.0731075
22094,3.2982385
22108,4.0729957
22117,2.2275498
22119,2.1657374
22137,4.4227304
22138,3.9407697
22141,0.8738768
22149,3.0020826
22150,2.7727733
22158,-0.4230664
22174,3.5511208
22201,0.17487943
22202,1.0721388
22224,1.3670875
22231,1.1510884
22261,0.39452168
22277,2.5730379
22289,2.208171
22331,1.9716164
22340,0.24388988
22343,2.9295223
22345,2.1629071
22354,2.669154
22360,3.1046445
22367,2.2075276
22371,2.6697211
22378,1.0682416
22394,1.2421517
22395,1.9668844
22399,1.4227519
22412,3.3455288
22435,2.7010996
22440,1.773741
22446,2.7281265
22447,1.7169001
22456,2.2599819
22474,2.2844274
22479,0.44275585
22491,3.0851955
22493,-1.4218585
22509,2.7141852
22527,2.3449686
22528,1.2114836
22532,0.78919697
22539,2.1183987
22551,1.6109941
22553,1.6018734
22559,1.0895468
22564,3.0701826
22565,2.902419
22580,2.8225853
22581,2.4972656
22584,1.8490616
22593,0.32453418
22600,2.2388804
22604,-0.73657674
22607,0.26465112
22625,2.647034
22640,1.8093784
22647,-0.8237407
22657,0.007134385
22663,1.6094971
22684,2.9201994
22686,-0.8356539
22689,2.86589
22704,3.0818746
22735,2.10661
22739,1.5409935
22772,1.7825396
22773,4.307547
22779,4.5523095
22792,3.8790307
22801,4.0332565
22805,4.1521287
22813,0.38598984
22825,3.8251293
22839,1.9535109
22840,2.6946912
22841,0.26213342
22854,2.8164446
22871,2.2843142
22879,3.5276105
22888,2.0992348
22915,2.8926713
22916,3.5365827
22926,1.6683465
22952,4.1597676
22991,2.2228684
22998,0.94091576
22999,3.2312157
23012,4.0477257
23027,2.9953434
23038,2.5428395
23043,3.0863018
23063,2.5320268
23068,-0.5275541
23079,0.84208393
23085,1.5909013
23091,3.161831
23147,0.9618436
23155,4.167566
23166,3.3119411
23174,4.561851
23220,1.9653866
23225,3.3605185
23261,3.322917
23275,3.1739163
23276,0.26430017
23283,2.060168
23301,2.6402981
23303,4.037887
23304,2.6886206
23306,2.1971674
23307,4.356035
23310,0.6197674
23329,2.768303
23339,2.0497153
23345,0.5475961
23350,3.7173545
23356,2.3600414
23360,2.6929379
23364,3.9992437
23371,2.8853393
23380,3.0108576
23400,3.874695
23402,1.4974821
23423,3.2849324
23429,-2.0412216
23431,3.2678833
23438,2.71783
23457,2.0264783
23462,3.557081
23467,2.1717095
23479,4.7624054
23480,4.301
23496,2.1938274
23499,3.6203654
23509,3.6907475
23510,-0.82050234
23557,3.4256675
23580,4.702665
23587,4.4187913
23597,3.7760162
23617,3.102222
23637,1.3873826
23660,1.6136692
23700,3.5138836
23769,1.6243473
23775,4.427202
23780,-1.6053925
23795,1.4171737
23814,1.8986936
23827,2.0401902
23828,3.5075336
23854,0.7491908
23861,1.6410744
23875,1.0507162
23890,3.1834726
23898,3.656815
23899,4.50525
23902,3.9892673
23903,4.3380423
23905,1.4108832
23927,1.3474796
23929,2.8545997
23935,3.8693147
23947,3.7484353
23948,3.7353432
23973,2.725741
23981,1.0466835
23991,1.0892262
24035,0.613352
24036,1.2644573
24046,0.8394667
24048,4.082424
24057,4.1925097
24070,3.8925967
24085,3.7229252
24091,-1.2006782
24104,3.298971
24111,3.4922829
24120,2.7068188
24129,1.1901978
24140,3.9394705
24150,3.7491915
24155,4.459523
24175,4.400541
24189,1.1644343
24199,1.7004621
24203,2.534898
24224,2.8709157
24234,0.6560173
24238,2.9112701
24245,3.2202804
24260,0.81545115
24261,3.8648334
24274,3.8171246
24277,3.0901282
24291,4.111883
24297,3.9539874
24304,3.9433482
24308,4.069256
24318,1.9978573
24328,3.776989
24337,2.8737316
24339,3.920076
24340,1.1614002
24342,3.7919624
24345,3.356608
24352,2.1320844
24371,2.309921
24387,2.0619004
24388,3.4814732
24401,1.6195139
24450,2.1635325
24471,0.7260271
24486,1.7609034
24498,1.0711458
24501,2.7728536
24505,2.8439152
24509,0.83153445
24534,1.880199
24547,2.4885998
24549,3.685562
24559,3.1375983
24562,2.736086
24565,3.3852034
24578,3.2609367
24600,0.5198361
24622,0.32567367
